"V1","V2","V3","V4","V5","V6","V7","V8","V9","V10","V11","V12","V13","V14","V15","V16","V17","V18","V19","V20"
"9|11",1.56901517045701,1.57449609421985,1.5833084628376,1.57276807361715,1.59164530880855,1.58407969783033,1.56415816245014,1.57748586738435,1.60070026061538,1.59630955358936,1.57282238676308,1.56067049815452,1.56803099454199,1.59166930387156,1.57139397379135,1.57782009724782,1.5854039612455,1.57075358007446,1.60561973281917,1.56876917983306
"9|12",1.59006535257371,1.58205968062682,1.5614829342935,1.57152426271442,1.58857768442455,1.58132159098315,1.58286403682282,1.5792198176764,1.57228707663157,1.57034162419062,1.56409110413813,1.58586143570431,1.58074887260219,1.58058429042897,1.58165700499872,1.55477847816542,1.58642385990085,1.57769642474474,1.57049121085021,1.58683258473578
"9|13",1.58881920259431,1.5831758504584,1.56869577158486,1.5778841578256,1.58701361162138,1.59722518156976,1.58719701500009,1.59820036211588,1.58796782005988,1.58821398563832,1.579214813525,1.59724853306038,1.57548394948906,1.58237884582857,1.57233322382004,1.58160281401397,1.58839461842788,1.57256634577478,1.57417747168012,1.58970849028846
"9|14",1.58019994905862,1.57639241448991,1.58278862423442,1.56675255517259,1.57045732699652,1.57130967564728,1.59128061202659,1.56263300900427,1.57683881577725,1.58392442126067,1.58218986864454,1.59646966293365,1.5818320899591,1.58839579014426,1.58729988294716,1.57373567513116,1.57134357777917,1.58755014278658,1.57000535846967,1.59612427062869
"9|15",1.58012891706771,1.57275421502835,1.59458795464649,1.59041503019528,1.57464035147456,1.58166268104376,1.57684543968141,1.57500263912296,1.57582326787089,1.58746127021274,1.58927879265598,1.59098465893117,1.57574054674741,1.58927105723519,1.59218677577513,1.56825122823609,1.57175451536005,1.58329156586973,1.58773676515684,1.55812918564314
"9|16",1.58261883953013,1.58088227716336,1.56771362451663,1.56238370803801,1.58279092776942,1.58096138388988,1.57131976969439,1.56821207443866,1.57599724244865,1.57432352556205,1.58933741328587,1.59070301140276,1.57336038037438,1.57036975893374,1.58262864684507,1.58455344840683,1.57105486452514,1.57931077622926,1.57738730383054,1.58139899373671
"9|17",1.57544892798221,1.56458342728225,1.56613639732749,1.56505542155344,1.57077219812026,1.58007005155702,1.58821853473614,1.5821669106111,1.57788268149956,1.57286788255247,1.58337763201196,1.5809910200446,1.58958581556482,1.58867161212204,1.57650075409057,1.58072510442539,1.58412490140087,1.57396458756752,1.58428162743297,1.57184040928068
"9|18",1.58099559745176,1.57922621891274,1.58918087716832,1.56428730139438,1.57896723145305,1.57148522445996,1.56834156574771,1.58108758552206,1.58536185531466,1.58818819259206,1.57808736505476,1.58840739416324,1.57356377056784,1.56228320060444,1.58088108670072,1.57826313938926,1.58010633652105,1.58227876808446,1.57630682468422,1.58403364477127
"9|19",1.5648668594875,1.58707913119051,1.5679814364128,1.5816557962582,1.58861697471067,1.5709916783552,1.57591651292585,1.58967955590879,1.57182612310398,1.57748877263091,1.58289204212358,1.58964446296748,1.57127239671126,1.57411519699213,1.58659379641596,1.58164746355242,1.56954987015641,1.57317365372457,1.57748579741978,1.58437692311836
"10|11",1.57373339766137,1.56989160652812,1.56824580338392,1.57696751533654,1.57814558200665,1.58055823155591,1.59360735056241,1.56911231302021,1.59159918403181,1.58478671914525,1.57291851877094,1.59256177291716,1.56285245939304,1.5897866524678,1.57221779083195,1.5891578624141,1.57809933670588,1.5869667092107,1.57589395692775,1.58296626067595
"10|12",1.57767367651399,1.57052121249213,1.57889729585953,1.58927605126222,1.59280474720356,1.58273983523527,1.57665959827089,1.58926295561375,1.58466058923588,1.58385720636686,1.57434969385094,1.58113021180371,1.57563967089595,1.5714368438641,1.57138870361906,1.57220172139306,1.58328018287704,1.58280601396081,1.57996019553516,1.58230778626434
"10|13",1.58516148486804,1.58330762517162,1.58339472181132,1.59209164949807,1.57523554636485,1.58260678283765,1.59340448895615,1.57309359693485,1.57515008659166,1.56471723241598,1.57090619345464,1.56854391394841,1.58211526298764,1.58308987044256,1.56341238846819,1.57151324520815,1.58280015517867,1.5670559189246,1.5758223728525,1.58869995060485
"10|14",1.56670505794437,1.58504818176055,1.57858817938297,1.57614088207994,1.57547020096844,1.57181440306108,1.58717923487342,1.58050122212421,1.58892543841446,1.58194509622072,1.57466256676862,1.59258010166324,1.58785451083818,1.5717966504476,1.58548348297603,1.58489266477214,1.59082366908907,1.57873945008378,1.57422172799602,1.5692218384219
"10|15",1.58162384641624,1.57795124102283,1.56910129023259,1.56805445416171,1.57637959087775,1.58091338046965,1.58959972337727,1.57419371153908,1.58837566519417,1.57660984161604,1.58542081132666,1.57862172440042,1.59238246181021,1.57287305287961,1.55960349188831,1.57808066028231,1.57219918927877,1.58063966463818,1.58548824044661,1.56789292939648
"10|16",1.57522253130146,1.59129649617293,1.57222097451668,1.58362343585017,1.56785686125415,1.57843458772884,1.56364401499619,1.58448292750184,1.57724014502403,1.57256497669157,1.57669889008751,1.582130752278,1.59594135161032,1.57022379873539,1.56989402940652,1.58084058730046,1.57545460217845,1.58614213682643,1.56444143822725,1.56647862068125
"10|17",1.57457624127006,1.57367923462175,1.59312505529819,1.58232774192571,1.58968075491137,1.58616717858485,1.58369779710043,1.57513254664827,1.57330646055081,1.58157869410065,1.56383819780308,1.57805482598053,1.58909287479422,1.57623019681292,1.58100226623303,1.58369317930095,1.58083225764043,1.58503895354894,1.57550547948762,1.58930001593673
"10|18",1.57811341212136,1.58083809132419,1.58161936848611,1.57393450575797,1.59934870100978,1.59396825243909,1.57512144432622,1.56524517386438,1.56960005156934,1.57994396706979,1.57318381203625,1.57551775897957,1.58793852942338,1.56929880864459,1.58236591647212,1.59257963529588,1.57183732848931,1.58199607614502,1.56141539979685,1.56875605162336
"10|19",1.58399764209457,1.5799427323914,1.57912661486994,1.5792836069816,1.58303011201297,1.57516816859248,1.5661834967686,1.59075208482007,1.59394308635994,1.58868099557036,1.58399872814462,1.57269133568618,1.58129350062934,1.57852343873581,1.58487369009832,1.5842907101485,1.58745108387507,1.5815089345649,1.58236513725195,1.58093256728125
"11|11",1.56635835779592,1.56848114695258,1.58135521633432,1.59249987699364,1.57879032763913,1.57467794969728,1.58880350594384,1.5828990336125,1.56693409153248,1.56046570587359,1.56343602156597,1.57492851643098,1.56667518018871,1.56687401738949,1.56811714106349,1.56716312075586,1.57321576372815,1.56630321008908,1.57859631331888,1.58962987267582
"11|12",1.57673983726244,1.59165033101991,1.57752090728819,1.59251391466499,1.58007084043403,1.57760899749296,1.57810552892025,1.58123699691996,1.57575412214082,1.5946546226804,1.58734074179561,1.58705167844612,1.58003782766404,1.58764945292318,1.59823512979314,1.59334752253576,1.58113053609781,1.57791240114969,1.57615311526108,1.55699936143626
"11|13",1.57991574356614,1.57651264246704,1.56983326928117,1.58939461537017,1.57459597767238,1.5766530817554,1.57178705694192,1.56938447196056,1.57272693410346,1.58178353547673,1.5994595906136,1.5710890501636,1.57767438109266,1.56223489213272,1.56470044323918,1.56871230324562,1.58234120473124,1.55608344634892,1.57726692477184,1.56936403551607
"11|14",1.56123617859876,1.57868420817287,1.57408185205404,1.57760697554739,1.57869861178565,1.57180709058993,1.58771769548935,1.57249111000849,1.57222173107323,1.57720882939187,1.55670571471964,1.56989879804575,1.58523194759116,1.57034286573775,1.57046674397885,1.56478852294424,1.5850201905338,1.5848768659895,1.56864539894423,1.59174318010164
"11|15",1.59033317375422,1.58669401681411,1.59134120502535,1.58206429840106,1.57578177215475,1.57252907167452,1.56646029321229,1.58546294379316,1.57714608437288,1.57130202108407,1.60264998309656,1.58693560539546,1.58363048071289,1.57262734195842,1.56688335196704,1.58959076502116,1.60152160656698,1.5785111607679,1.57408626006598,1.58692846660901
"11|16",1.57030621842789,1.57410470957983,1.58065202657884,1.57475924519851,1.5820946098499,1.58176943890823,1.58523135287268,1.57146819792614,1.58459937210521,1.58150404773896,1.5629656065517,1.57384284382746,1.57379001207865,1.57948232826325,1.57564284908807,1.56721530495043,1.57563512974372,1.56915310038098,1.57368471910472,1.58640069000766
"11|17",1.58939170306193,1.58547154561813,1.57943296509613,1.58843328776463,1.57692832176244,1.58666460540212,1.57468666025123,1.5711757911861,1.59271327416597,1.57310919223689,1.58693067429051,1.56966316458663,1.57721414481767,1.57833668942935,1.57771284727262,1.59258163192075,1.57752967786407,1.57350501663161,1.57968207089807,1.59495101134425
"11|18",1.58932047323577,1.59531364313865,1.57793148003652,1.56784965834981,1.56601016078928,1.57533590528799,1.57790164818096,1.57791354275881,1.58261348496108,1.57424878837299,1.58225873166657,1.57934749383942,1.57442747895903,1.5838734714326,1.58433010317397,1.58208067396614,1.56992983926226,1.57630482847097,1.56095197816364,1.56695727344982
"11|19",1.59250444898587,1.58288608149615,1.58895825705147,1.5747835858047,1.58146021123791,1.569886979268,1.5841074331322,1.57402493710059,1.57700749555799,1.5721854335716,1.58529185555006,1.57136741353607,1.57983020984566,1.58892914312307,1.57907307359386,1.58395438745245,1.58353802317801,1.58043546720808,1.57032499175734,1.58236584328649
"12|11",1.57196652282742,1.56817621287559,1.57515023447857,1.5848153071441,1.58259558889962,1.57210802079114,1.57953772833218,1.56947480394219,1.56405549516209,1.56615534569273,1.56557558845139,1.55916136035185,1.58719283012124,1.55681006590149,1.5767437054085,1.57450918646691,1.56865953271839,1.57925634046719,1.56757619703496,1.5713396184107
"12|12",1.58812382998873,1.5703645074923,1.59451848593057,1.58365861927581,1.56762891247389,1.57479825851527,1.58000177676679,1.57371087599043,1.58484260093959,1.58894959698965,1.57300172714154,1.57405978563322,1.58412961270005,1.5746758911588,1.57585049228462,1.5659881767065,1.5748800722841,1.56882712727883,1.56573489402657,1.56614916480213
"12|13",1.59268698492334,1.57707528331628,1.5770781551533,1.573187856819,1.57302333685914,1.56900176679994,1.57253917872685,1.58642697255977,1.58372132095734,1.58210078684362,1.58054467163167,1.57736144189211,1.56860803386361,1.57082721847475,1.58059385254294,1.58635983982471,1.5795092217448,1.56882790598755,1.57988696075879,1.58351727963476
"12|14",1.5805112689454,1.57905374392023,1.56537618828622,1.58043030316218,1.56225266792629,1.56620010200011,1.578403640172,1.58630780281927,1.57437670166065,1.57321438544803,1.57706735787434,1.58101226115784,1.5569717264452,1.56795387218976,1.56564504087011,1.57628871487997,1.57655626208152,1.56105459612273,1.57325460630609,1.58827876677494
"12|15",1.58654626347242,1.57073046255428,1.59304042318943,1.57650456275586,1.58211759022512,1.57553769009321,1.57946968775301,1.57290782256035,1.57219769925057,1.56287826168607,1.56365360981448,1.57501336797505,1.57777256017687,1.57990670098378,1.57571419393442,1.56917395081554,1.57299033191922,1.58584065188163,1.59787549140515,1.57925288431128
"12|16",1.57173594976252,1.57458925152238,1.57387429624895,1.58819347347421,1.57921810294666,1.5718626658515,1.58046451364068,1.57764385489877,1.58593597138333,1.59905800852811,1.57968141835015,1.58162865347383,1.5796234953716,1.59396167164606,1.57544817595388,1.5740289434669,1.58367860451555,1.57977008776288,1.58025849541157,1.58933925575741
"12|17",1.58206920214667,1.5759767927782,1.57005372446721,1.58057856196661,1.59233649564974,1.59936545564817,1.56932565935479,1.58171774718927,1.57598000756377,1.5909627327844,1.58137806914691,1.58509874821946,1.58084050335733,1.57798787351704,1.58392018490554,1.57791445501826,1.5814709494772,1.56413509699081,1.58222521146096,1.58106857818671
"12|18",1.57644650883495,1.57926656184656,1.57646745097814,1.57714303083156,1.58585510405326,1.56417110666773,1.58491108702931,1.57518931322758,1.58140940770019,1.57658147159699,1.59817401677232,1.57726668302985,1.57650177295413,1.58041027469065,1.58057259506769,1.56661795866305,1.58687843941787,1.58573661969873,1.57938629200699,1.5693411242283
"12|19",1.56400734628055,1.57515958192338,1.58259631508781,1.58032243020957,1.59609194398175,1.57854410636086,1.58320955101707,1.57800013264042,1.58281825482788,1.57711770823157,1.56484527648882,1.58212811534481,1.57512642621436,1.58507310078717,1.58428316928998,1.58187577061512,1.57480715303326,1.58292972994024,1.58415608638071,1.58855294118061
