"V1","V2","V3","V4","V5","V6","V7","V8","V9","V10","V11","V12","V13","V14","V15","V16","V17","V18","V19","V20"
"1|3",1.63295441082158,1.62134901714727,1.64165418420269,1.61898664535001,1.64258354043802,1.64340722705919,1.63456020912219,1.65108512079264,1.63162329342118,1.64288931741972,1.64565492655285,1.65195908824838,1.63445329839642,1.62952410833322,1.64268254886047,1.63798023650928,1.63129815630118,1.64354370537194,1.64299954158018,1.64152530825662
"1|5",1.64855329638885,1.62790576329125,1.64097676623542,1.61505267368841,1.63622175235878,1.6370170519887,1.62224259325774,1.63335293840038,1.6427827264015,1.6410473729413,1.63318793899607,1.64316260206958,1.64120720541599,1.63193817407306,1.62656384589725,1.64461148744341,1.64252375734809,1.64260353227333,1.62676330371795,1.64303715771538
"1|7",1.6430609312736,1.65129393097964,1.64527045507471,1.65402069418432,1.63575654585514,1.65344415710513,1.64555730443578,1.63364028072194,1.6405155858586,1.62454482616952,1.63722242570363,1.6503116854521,1.64444361571614,1.63910638217141,1.64175888636033,1.65517160135077,1.64596664437918,1.6384403160799,1.64910666422768,1.6367351182923
"1|10",1.6404848234769,1.66288549830611,1.65003322169522,1.63025176103685,1.64630882929299,1.65269530304741,1.64725710419964,1.65051886012514,1.63352406915769,1.63929243773084,1.64929383046399,1.63550264883831,1.63646089994082,1.65713236484931,1.63668380947216,1.63783456935716,1.65474710565347,1.64320181018079,1.6453622891781,1.65017429735493
"1|15",1.64549873442192,1.6581492284753,1.66024633148864,1.64279547926485,1.65299873647699,1.64336634090762,1.63961287184013,1.63433239756179,1.66373985047095,1.64182413891468,1.64948888172107,1.65911049799733,1.6420878379224,1.65145863036672,1.63655017997373,1.65134999181897,1.6424022430172,1.65250595869852,1.65618871205706,1.65141870592001
"1|20",1.66223372188707,1.64607259898632,1.65869771668672,1.65608056490085,1.64746629840244,1.6621534030964,1.65987999426068,1.66149844376208,1.66075809784056,1.66192865750519,1.65263787580556,1.66462412650021,1.64841607418137,1.65564189916479,1.65832950730362,1.65614883906969,1.66007820675379,1.64338556669473,1.66712682439248,1.65598536490965
"2|3",1.59966632981247,1.59769263438527,1.59519635411407,1.59197106730359,1.58794965080651,1.58376003458687,1.59678778504194,1.59485158719293,1.61451816629208,1.58608898919887,1.59707037357024,1.59655927404835,1.61034154431471,1.60368978271143,1.59240842145639,1.6012024491332,1.58922499631535,1.60803097965227,1.60777230579633,1.58187721977634
"2|5",1.58720930146106,1.59566353462199,1.61376701062112,1.58796678202368,1.59951391934315,1.60669243731246,1.60197014981942,1.5901031689742,1.59178544522347,1.59452715239128,1.60778709734578,1.59874137705958,1.60313045593194,1.60602746747294,1.59874768177383,1.6079317932709,1.59397104010811,1.59064568895775,1.59168431529393,1.59324341649329
"2|7",1.58756159027282,1.59021351985858,1.59759596795096,1.58016574795574,1.59586649913264,1.59672770682739,1.61308136380337,1.6041508282436,1.59580689546181,1.59185215432931,1.59491989376051,1.60456638076165,1.60458404196979,1.58014899959017,1.60385994855161,1.58763745817181,1.6027251412844,1.5842590858268,1.588037256312,1.5819486814884
"2|10",1.60139766817074,1.60542636332815,1.60782205905043,1.60807861133442,1.61396962177129,1.59344784082332,1.59711414052888,1.5941599223476,1.60043787714013,1.57988102385445,1.59773356067421,1.60246801936756,1.59376886352664,1.59152229395824,1.59729031848264,1.59903688640771,1.59243997412247,1.59813907952422,1.59227504522816,1.59290007613742
"2|15",1.60036097397787,1.58439714884654,1.59948256834025,1.61115642833576,1.60325258439896,1.60980940466471,1.60157917959439,1.61243198906627,1.59411011525509,1.60563799281257,1.59935751003363,1.60142204756971,1.60646566631183,1.59617332685758,1.59257568647301,1.59629132851309,1.60385325305389,1.61244523524461,1.60018669275511,1.59149186247948
"2|20",1.60723692888461,1.60187924833616,1.59975503022402,1.60454446823036,1.60956106606702,1.60367391036122,1.61702817396971,1.60908362893082,1.61059260342432,1.60496607836259,1.60982777777462,1.61268962713735,1.60662329520901,1.60464746482796,1.59216638471886,1.60436628535964,1.60642755330306,1.58995497590038,1.60248425671155,1.6034713933901
"3|3",1.56928537510073,1.57876623025613,1.59387020602781,1.5712036600044,1.57080475533901,1.58793948250011,1.58241153834433,1.56200945222165,1.59056467245035,1.59716804758503,1.58764066032014,1.60161969924791,1.60133505169826,1.60067103968253,1.58676082163107,1.5762501368787,1.60347888405287,1.58320664352827,1.57663737881297,1.57609197964134
"3|5",1.58934220991934,1.57469782238925,1.57788843317491,1.58334748217449,1.58858901016679,1.59188309794085,1.57797365279608,1.58816117748707,1.57695682410214,1.57746599076922,1.58304293405606,1.58368281742343,1.58165681707143,1.5787738472662,1.57919501104953,1.57325463809217,1.58670038427503,1.59074370299895,1.57527613159056,1.57452861908735
"3|7",1.58436491246342,1.59176952030152,1.58290242276613,1.57874988764461,1.60049042711358,1.56596038254061,1.57449234997695,1.60240197113491,1.59823132723296,1.58754352321919,1.57864861255186,1.56767329155331,1.58798491577905,1.57768430883619,1.58490120145887,1.5756595950422,1.57925957061761,1.57039778415944,1.58085220704777,1.59757263503179
"3|10",1.58540216486112,1.57854885348931,1.58630648914435,1.582788351922,1.58521242622231,1.58540618238414,1.57950849366351,1.58166334120742,1.58944853521477,1.58941433364099,1.56247561804434,1.57739509235182,1.60011119433642,1.59375756225045,1.58416708767102,1.58485565060624,1.58170391470285,1.60369227285114,1.58941670215378,1.5996472521908
"3|15",1.58641068225409,1.58765148682909,1.58099443520377,1.59600779708785,1.58209425991932,1.59148998897617,1.57786735671463,1.59392602184906,1.61094450163901,1.57932919301482,1.59872749293776,1.60938786649624,1.58545415247231,1.57598731898904,1.58143116459569,1.60646615799258,1.60504756837752,1.60530920282771,1.58709964800915,1.59212383993706
"3|20",1.59549620214468,1.58562432793213,1.58930053378063,1.60267721386913,1.58517081358559,1.58634909366943,1.60145730941768,1.58806565382436,1.60638411502668,1.59750566433284,1.59003573992112,1.60026789392825,1.59513999554642,1.59456223291931,1.58752938935048,1.59772369179589,1.59649754607668,1.58338049755407,1.57971499771487,1.60037611783343
"4|3",1.57270518736032,1.57853046532927,1.57428754827671,1.56506938419436,1.58492192045477,1.58844199259483,1.57633179534272,1.60025086205927,1.58161049754052,1.56308537204575,1.58969083411205,1.58676359784892,1.59075348445456,1.57146728124637,1.57520169331113,1.60113582426592,1.58549036600381,1.58236381733376,1.57291833042703,1.58211738380885
"4|5",1.59597057125479,1.58734192856855,1.58454639900782,1.59697017321428,1.57254828899593,1.57969792316065,1.6091499063907,1.56442788819794,1.59395520483077,1.5774043537708,1.58419468924972,1.58189964024281,1.59106739364965,1.57688685743331,1.58217462433915,1.57158757777326,1.59195771842421,1.57202671696631,1.5916496872335,1.58766628993647
"4|7",1.56543132358517,1.57204029629144,1.56558094644892,1.5522596828509,1.58620635051339,1.59641798346477,1.58322732828497,1.57241852419448,1.58298664815991,1.58607882260878,1.5941132523299,1.58848214259642,1.58761876484367,1.58404988426746,1.58712950909849,1.57415684202703,1.57536278222266,1.56592645417444,1.57571063442198,1.56637068711557
"4|10",1.59275302517514,1.5844075230456,1.57723914376498,1.57196047147978,1.5808595394168,1.57610381212437,1.57753310955087,1.56681542518754,1.57756076828883,1.5724228719484,1.56914488752515,1.60190480255192,1.59532125092812,1.58693694401453,1.57463420634666,1.58291505576785,1.57522366886236,1.57936303306695,1.57482335677601,1.59086233116551
"4|15",1.5867973413363,1.57130661876268,1.57273634512313,1.58684771031791,1.59223336374255,1.59110198290398,1.59037944400912,1.57922215786624,1.58202340010602,1.56785112325958,1.57446957340111,1.5898483635605,1.59165854052702,1.59201030563111,1.59696534501788,1.5873387818006,1.57157703659365,1.57682481253534,1.58817121100031,1.56828126652315
"4|20",1.58439029984499,1.58209004296025,1.58054494740544,1.58936954216271,1.5909543298482,1.59481210958559,1.58141867974187,1.59515039749867,1.58957803551183,1.6019051890918,1.58694130329253,1.58032553678274,1.60064408845553,1.57890986698136,1.59834662791496,1.5762523743667,1.57762135159871,1.59071122284503,1.58020459304528,1.58298854606603
"5|3",1.59293922610451,1.57958235666415,1.58858852151819,1.59544088375579,1.57102468559615,1.58910194146998,1.57010438194612,1.59148856553203,1.59719021870767,1.57841338568784,1.60668489061927,1.57683131222978,1.56837251602375,1.58968199118117,1.58578390297166,1.57564147640657,1.5758669140695,1.5788971247317,1.58646665363445,1.56162597175355
"5|5",1.59256955577313,1.57225082673403,1.5596057942502,1.59625195838462,1.57164410729064,1.58312591590151,1.58063973870523,1.56986865932746,1.58585132167625,1.58108546432162,1.58468348559067,1.59351741237787,1.57390012351962,1.58126413229579,1.58389836912083,1.58151382228602,1.56498878694619,1.57691878801713,1.57599318771915,1.58993062575173
"5|7",1.57160689128334,1.59681902669363,1.5890774943801,1.57547542984677,1.58841178912101,1.581919342388,1.56006551257584,1.58745025816016,1.59920674430216,1.57490743676931,1.57910198064979,1.57895985730023,1.59633913667219,1.58937524400669,1.56365837346671,1.58588044489523,1.57094494130593,1.58935075937408,1.56340207708877,1.57633140921904
"5|10",1.58786203586286,1.57621839395265,1.5768678462259,1.58102950833475,1.5720146915912,1.58968970635196,1.57425152774652,1.57911104781386,1.57372988983712,1.579194046184,1.58092627885207,1.57713087212362,1.57083471347148,1.60141069682714,1.5822374487103,1.57150778018105,1.59621830976809,1.57366411931202,1.58223959701861,1.57120231374566
"5|15",1.58785431617283,1.58808885015103,1.58385234551183,1.59090036613938,1.58183565262943,1.58481705503142,1.57010113177758,1.5734257638007,1.58596232278669,1.57666828045541,1.58233431152813,1.57313649636118,1.57696335694719,1.58506949347118,1.57048249931701,1.58442088865832,1.57914839966246,1.59036142382661,1.58599158945904,1.5991895318859
"5|20",1.5865727596661,1.60053275236199,1.58580847851317,1.57178341536332,1.57186395087981,1.58733889324079,1.5823236980771,1.57073297841756,1.57401656125815,1.58107471904074,1.58649305739331,1.5885162107508,1.58846255561697,1.60037650617168,1.60225351846946,1.58822627507183,1.58507087880969,1.58836297843636,1.58422718834622,1.57719715843498
"6|3",1.58151662293102,1.57496750839771,1.58250162580917,1.57547697437193,1.59128044418835,1.57269341545629,1.58154648178455,1.58571705024829,1.58149802413427,1.58932011588497,1.5895809390703,1.59172522302134,1.58404976121338,1.59703103097188,1.57042575401538,1.5727843236698,1.58067333212719,1.59606075599307,1.57719360344441,1.60230312861335
"6|5",1.5869855452489,1.58182552791401,1.58035414259265,1.57201991712779,1.58804472777978,1.5662704756981,1.57227258393478,1.57094825491198,1.59818184742354,1.57302529881675,1.57617149007611,1.58176348307439,1.5777803628781,1.56830125303202,1.58691290741042,1.59169402612031,1.58117061098754,1.58881916303645,1.58029052614919,1.58779548262772
"6|7",1.57455273215756,1.56768276794433,1.56674213491817,1.5808661169621,1.56836824188448,1.58713197948808,1.56647892809209,1.5764781796074,1.57158173800185,1.59109443574062,1.57335489480227,1.56822962383202,1.57801136070896,1.57924112834456,1.56539033581974,1.58770515497572,1.56732594822297,1.57968885459309,1.59488190888278,1.57192429696509
"6|10",1.5715813792919,1.57461937742406,1.58151094014995,1.57055848847962,1.59087035464803,1.57755849472864,1.57632362227807,1.58217515192337,1.57594694054257,1.58435601196597,1.57613539592884,1.57898358883468,1.5790554186801,1.59428265572122,1.58015905009594,1.57282958687414,1.57116137957872,1.59430305084903,1.58799126168063,1.58166929927859
"6|15",1.58106954999666,1.57777774093824,1.57553013318151,1.59231434246891,1.59009217502641,1.58865143716387,1.58657929866878,1.57543332379726,1.56793196367172,1.58056318548469,1.57047550857318,1.57966895130024,1.58627847016172,1.57483140247709,1.58542248852753,1.5829832345316,1.5927694536608,1.57717107999598,1.57955687936361,1.58223717431821
"6|20",1.56826169334611,1.57906038332161,1.57749015314626,1.57847581893944,1.57449757609991,1.5882276338624,1.57769124028234,1.58022646998052,1.58602147774922,1.57842246037466,1.59373414590774,1.57758523733139,1.58915442810644,1.58476948019316,1.58027013331878,1.59444501621153,1.57270857077755,1.5793900673016,1.57779721325991,1.59517766850106
"7|3",1.57435755642863,1.57753744060492,1.58040002280551,1.57603052795411,1.59406025732149,1.57718711946881,1.58095367355135,1.59309545176918,1.59104587820051,1.57641876033317,1.56448749059925,1.59550625894893,1.58689745571642,1.58869725366504,1.59197175796554,1.56192910443467,1.58008614661122,1.56778174764198,1.5848473584867,1.57589684166936
"7|5",1.59560652509987,1.57583327584339,1.58770971294734,1.57062276386708,1.57457120165647,1.5769096013743,1.58177229521223,1.57081288961921,1.58025268987177,1.57442154878652,1.58403924637802,1.5805762501777,1.58663046577359,1.57325787764342,1.56868225203275,1.59586668150693,1.59176669926166,1.56897258700272,1.57896766818583,1.59089741272079
"7|7",1.57800304409263,1.58472226062161,1.58809593810381,1.58779841574527,1.5817626726998,1.57726444743073,1.56645575293653,1.57562820297836,1.59336242900827,1.57006812115892,1.57750549476552,1.57334819372462,1.56988443881602,1.57303683954169,1.58785311573659,1.57904483712195,1.57978744514125,1.5855912261712,1.5892480873038,1.56437520977672
"7|10",1.57200818378371,1.58479077042716,1.58220296263227,1.59233577413237,1.56352351364379,1.58574704134672,1.58107168055425,1.56307318242668,1.58550015987454,1.58571737051987,1.57971853529053,1.57390733832435,1.57893887762419,1.5904898081665,1.58243044564194,1.58480268178993,1.55529523630037,1.5845066463905,1.56975157390423,1.56707546877859
"7|15",1.58486474138235,1.57043948189929,1.58063267488522,1.57228573430733,1.58078458498761,1.58280108166862,1.59269457048248,1.58468837060347,1.58010391250742,1.58689642346616,1.56889968174392,1.57426152844806,1.5763400889325,1.57350756906824,1.58327460085308,1.5770003844774,1.56944404948542,1.58264021817187,1.58543501584191,1.58036617439024
"7|20",1.57886903139691,1.57790815834157,1.57925659447945,1.59136559925626,1.58761310649833,1.58281375639141,1.56606010524953,1.56900270499189,1.59134259976145,1.56976201179272,1.58470393763768,1.58952488014301,1.5865959128903,1.57176540637977,1.57771394204206,1.58425711557674,1.58371649390742,1.59233083112232,1.58387292477311,1.58900605274371
"8|3",1.58542188331881,1.58020649095442,1.57764704604842,1.57833049386803,1.58839489072937,1.5613468283818,1.58213610848906,1.59334375947178,1.57781532545082,1.57938175286766,1.57904476682553,1.58263205074512,1.58085320646719,1.57295615605561,1.58648813462785,1.57865059115242,1.56424344096782,1.56458501527072,1.57508552082553,1.57271263045355
"8|5",1.57597340509766,1.586778330244,1.59547856304243,1.57709182905482,1.59664482305016,1.57284756312019,1.5810624704688,1.57142104213173,1.60123863649162,1.59279194071146,1.5734855719321,1.59091924390439,1.58478423920168,1.57243077387005,1.57263013687225,1.56714427377404,1.57972333947973,1.5838563506693,1.55659564892316,1.58084991470962
"8|7",1.58234685439767,1.58653020435657,1.57958241816333,1.58267302732293,1.5874002450508,1.57987500762783,1.57610326641131,1.58389791406027,1.57119174379436,1.58675694700208,1.5791193102942,1.57191285433171,1.58242231719797,1.57209598201971,1.59007621785753,1.58351612002943,1.57122632605549,1.59057425990569,1.56118543867951,1.57289665220011
"8|10",1.57419596333844,1.57642915703567,1.58009832738215,1.57255394121515,1.59749687198898,1.57911008803614,1.59047118900566,1.56324827171963,1.58476653824732,1.56653852129161,1.57938990488595,1.58083502457829,1.57563265050381,1.57454493128858,1.573160183862,1.58761416687717,1.58184077122433,1.57501446391612,1.57177948611026,1.59413497020406
"8|15",1.57923280284676,1.57269777565879,1.57632675324741,1.56754015453883,1.56744835263479,1.56089239256577,1.59404321561092,1.56613124484169,1.57474290712126,1.57120819002113,1.57569290367766,1.56916981292645,1.58343833125116,1.57972418690209,1.57345632087626,1.58256419438028,1.58235943489267,1.58030592159915,1.57914092005031,1.59749672555905
"8|20",1.57822593747489,1.59094610061248,1.58128771892924,1.5780833234594,1.59796699390039,1.57782292588265,1.58661927164676,1.5770985335692,1.57358478343483,1.57860470131613,1.58272754480179,1.5732465471921,1.59037552745417,1.57291256855614,1.56860579292629,1.57882547211945,1.57540253452351,1.58221163177741,1.58006182246559,1.56711952948268
"9|3",1.583169454208,1.57710181808808,1.57010708637543,1.57543615952512,1.5603541632441,1.5657153381747,1.57907480540041,1.5812205796604,1.57671451775525,1.57125795135617,1.59132940525038,1.589432821756,1.58252553537164,1.57498516821188,1.59100256843138,1.58141913985781,1.56859417839427,1.58169747004585,1.56769887166466,1.57793357537782
"9|5",1.58249727862604,1.58480508200843,1.56498338902587,1.58389082788727,1.58179747935342,1.57751429331285,1.59391877758406,1.57888593763589,1.59595995684333,1.56806271595568,1.58376200606298,1.59808626262447,1.57970779110094,1.58040703757987,1.57230822686875,1.56025956255482,1.5834660877594,1.597067665177,1.57352046953975,1.58932772922842
"9|7",1.58515216573804,1.56106233705652,1.58052045420767,1.57820179381074,1.576674675506,1.57291661648497,1.59311949506351,1.5850563614882,1.58130248704067,1.56765358994543,1.57131568178928,1.59823137771168,1.57655996927785,1.57860731559743,1.57694773456393,1.5870939960499,1.57932830579954,1.56361831472346,1.58452371868727,1.57864753155207
"9|10",1.58798255924656,1.55195348696435,1.56115826668298,1.56318824718118,1.57108132575328,1.59364271838098,1.55947807443538,1.57379208138024,1.58794241258901,1.57846516731294,1.57446166607886,1.57117443336809,1.5798883581079,1.58741777205922,1.58403838430753,1.59499055511638,1.58511217741632,1.55985069575947,1.57410218302358,1.58123922897667
"9|15",1.56972941908277,1.57785904423792,1.55572919230343,1.57928659897832,1.5785424942086,1.59063720250717,1.59359322538608,1.56934477374074,1.58410441087955,1.57477203608477,1.57832177390034,1.57846810396617,1.57613405720034,1.57622944816263,1.58138114974334,1.56717673748031,1.57327873099158,1.58316275674781,1.57057829429546,1.58690684166631
"9|20",1.58372124603301,1.58727870883013,1.57799756202482,1.57673318663292,1.57250001591936,1.57551013388702,1.58416625655032,1.57259458811725,1.582254670708,1.59382934635067,1.56501645331329,1.56621472953263,1.56796702252671,1.57974170198645,1.57798868563432,1.58202453833778,1.56439928775306,1.58435467977491,1.5848951263994,1.57735508985659
"10|3",1.58739193674077,1.58329299490125,1.56165122178409,1.57537436887569,1.57088974798222,1.5873316122079,1.57402688507495,1.58392710182191,1.59079002489493,1.58187943487318,1.56105452122095,1.56714899139035,1.58079707276112,1.58060513055859,1.58878711095211,1.58058968224015,1.58203955533346,1.58020809061192,1.57677040232423,1.58666660900145
"10|5",1.58262751332382,1.58406388972927,1.5829026278711,1.5796153097844,1.58979056741852,1.57247019133461,1.5756536485786,1.58106412053821,1.58436028731274,1.58970711127121,1.57201733436471,1.58200517991239,1.57490224826842,1.58613901369631,1.57949891726775,1.57352247526706,1.59026988795456,1.58248221799409,1.59078067590925,1.5864289481477
"10|7",1.5724339338451,1.5856329496767,1.57539212146998,1.58369756590319,1.5859149207954,1.58507005689922,1.57702933684308,1.59739229927331,1.58734795758663,1.5857386373869,1.5628442001043,1.58516610798276,1.57725587751272,1.57797992795463,1.57622808377623,1.58100777243827,1.59608020001615,1.55797390249332,1.57957599623238,1.5734149794096
"10|10",1.57372931634795,1.58282393428965,1.57412971714992,1.5889038957434,1.58108260260533,1.58348357587803,1.57112676299553,1.57012115195795,1.57868905029118,1.57672878132648,1.59131027586909,1.57742915027136,1.57890417448564,1.58128606230492,1.56174321896672,1.56199720926873,1.58703347474625,1.57398892446884,1.58430693965365,1.58329548540215
"10|15",1.58946636428909,1.58041296311572,1.57323027475826,1.56670237493511,1.58655406741461,1.56781383275935,1.59084647732558,1.57477895589379,1.58363025827055,1.57633626119879,1.59191925715322,1.57750929664141,1.57147349629941,1.58237946700316,1.56234251172501,1.57385971264703,1.56604465346533,1.56753490332938,1.5955870698364,1.5779638877628
"10|20",1.57636295764454,1.57951198760345,1.5867687761202,1.58117496547884,1.57491199922359,1.57659946681291,1.581509096774,1.58839210121604,1.57355484522673,1.59155849012684,1.5845247582352,1.59160938215147,1.57294312858952,1.58137419216529,1.57985763746762,1.5905374132469,1.57071862953267,1.59276244129639,1.57234413942745,1.57871831248708
