"V1","V2","V3","V4","V5","V6","V7","V8","V9","V10","V11","V12","V13","V14","V15","V16","V17","V18","V19","V20"
"7|8",1.59190620702385,1.57697540977969,1.58120419653918,1.58311156544766,1.57668269227327,1.57040062319378,1.56901569185797,1.57765781354244,1.58139837461327,1.57421865140149,1.5733351963417,1.57471269625187,1.57537942106893,1.57512433419963,1.57841735081171,1.57291231197721,1.57614691870339,1.59858845255966,1.574775833907,1.58594990226994
"7|10",1.57383912596468,1.57912533530584,1.57609776333758,1.59326257864127,1.56614064485106,1.56672080490343,1.56822124175577,1.57637983646323,1.57956371100318,1.57402849995813,1.56402493842189,1.58436839864807,1.5586235182955,1.58542511380904,1.58721830575073,1.58197204979513,1.59281547649475,1.56465733620892,1.57489272087796,1.58296196296588
"7|12",1.57684423411419,1.58643815633764,1.57866232242736,1.58779962102699,1.56995075062788,1.57532259060356,1.57757508903459,1.57592262315337,1.57126456675062,1.58400288988331,1.58417605370604,1.57439152580832,1.57611061171292,1.56866416917194,1.57576807110284,1.58980075524349,1.56287258532693,1.57612647386606,1.58650786279194,1.58290198810266
"7|14",1.58989071287192,1.58241892060965,1.59687129670456,1.57673135463848,1.5780450834101,1.58301574779218,1.5707143367141,1.58492185793646,1.5926270503043,1.59123330946371,1.58398924839444,1.58453280294029,1.59547067271906,1.58356528714101,1.57270103891233,1.57531016525771,1.57986768602938,1.59032420265323,1.58975977736908,1.59208577322341
"7|16",1.57950331237523,1.57762597306819,1.57942048592697,1.57726004725047,1.5744671129896,1.56610561761491,1.57596787566046,1.58108493295014,1.58768860832698,1.57454599366734,1.57441712219187,1.57812869787248,1.58493040352408,1.57550385649902,1.58399405996785,1.58096203409412,1.58021669154911,1.58581823569614,1.58973263056442,1.57943855639772
"8|8",1.58909952287142,1.57765175946093,1.58656332222049,1.56803305020341,1.56854590521574,1.58595943140179,1.57359121187348,1.58126960671279,1.58940943177913,1.57485168826486,1.58440727302184,1.57280304190929,1.57213893514844,1.56925242442977,1.57515913426324,1.57320269777232,1.58900123684419,1.56561851933293,1.57465019913077,1.57098647979627
"8|10",1.57682599738856,1.557698287903,1.57580365556614,1.57466466508387,1.56933343351254,1.58266602688501,1.58127883309647,1.58712486696046,1.56859164551523,1.56736363668193,1.59278739241026,1.57388488737529,1.58289235457357,1.57201216499782,1.57985745744882,1.57933148423048,1.58267239175969,1.58193975553038,1.572935684347,1.57959073391078
"8|12",1.59160177472372,1.58802650843351,1.57807157541983,1.58762430869988,1.58419833873116,1.55774637978968,1.57598530979701,1.57962746863909,1.59005380374112,1.56867379564159,1.58109940190202,1.57775440833869,1.58353595534917,1.56795788761012,1.58289149967253,1.58396022904536,1.58930580329244,1.57039901696814,1.5678148060706,1.56993386299183
"8|14",1.57359075979245,1.58254280593118,1.58398200732918,1.56581750047378,1.57807514598294,1.58911868175016,1.59849158388934,1.60341863848668,1.5767046317432,1.56904132960113,1.56432882724155,1.59473839179679,1.5775296744102,1.57779357422212,1.58103715144865,1.58269644274457,1.58302162552538,1.58726218377141,1.58339727120305,1.57727323450957
"8|16",1.59020058671742,1.59220882735224,1.57581515192188,1.59057895287936,1.56669008529354,1.5828657142881,1.58848937954622,1.57402358892071,1.59030821850075,1.58764015863269,1.56532779401616,1.57247700251325,1.57701596507464,1.57520413892034,1.59155094073007,1.58257484611178,1.59413195978215,1.5815436577548,1.58691789456711,1.58186373718588
"9|8",1.56564884887343,1.57425466251232,1.57896227311883,1.57188497227424,1.57048187470656,1.57191352382311,1.5922569962796,1.5717339946812,1.55567453178521,1.56602851481619,1.56389184833473,1.57245053947353,1.57818479120684,1.56731864102242,1.5700246291708,1.58952783190746,1.57918796778299,1.58183838483112,1.58496076718716,1.57978312981224
"9|10",1.59603473748841,1.58588741108087,1.58490282800658,1.58140718253893,1.56817848585834,1.57256790021172,1.5722982981604,1.5672929001915,1.56339293919946,1.57343821086459,1.5658506685039,1.57989615219207,1.57677759658049,1.58923895532064,1.57398785089933,1.59501821317131,1.57103338459462,1.57857609230632,1.57840518730863,1.56496296691287
"9|12",1.59374872028633,1.57430829641582,1.57945288560021,1.57176049889958,1.58355237699031,1.58773512300286,1.57472386999902,1.58615163007297,1.58899757226089,1.55836520617648,1.5654549008509,1.57002079698278,1.57826145016885,1.57758325129133,1.56129611076609,1.5842815049096,1.56283488814294,1.58700070669531,1.59084238553328,1.58138144615972
"9|14",1.57185793303832,1.57886109619068,1.5762568250054,1.57153781905858,1.5800672490503,1.57690113482306,1.58701630005863,1.58058085211337,1.58542600076325,1.55933725229398,1.57509958840011,1.56837505245642,1.5843458638522,1.57307445194369,1.56940311580929,1.57921967160703,1.57477719275561,1.57263309531651,1.58627682489157,1.56773857165503
"9|16",1.57272734180521,1.57909023074574,1.57577124218308,1.58481232427991,1.58990930221668,1.57413470536336,1.56845653833873,1.57481686027186,1.56687722176841,1.57756170450851,1.57989900945193,1.56937452416522,1.58098359717542,1.57995273690545,1.57003126440311,1.57779158898903,1.57025981402902,1.58358521121818,1.56735696317103,1.57336236219968
"10|8",1.57494050303083,1.58449615057504,1.58619431788886,1.56619705239887,1.59563202876696,1.57193371642028,1.58167383657686,1.58621227572873,1.5633943183835,1.58126906120615,1.58297031655042,1.57589627216751,1.58277688896343,1.56528175972354,1.57636939996086,1.56720701178458,1.57365632891257,1.57085539013756,1.5759628174284,1.58946133464096
"10|10",1.58440785883969,1.58467861534996,1.58306635722754,1.57370200475316,1.57457119906486,1.59033846206161,1.58099692108186,1.59205168292518,1.57712336045768,1.57086520257685,1.58051749027739,1.58156737384365,1.57117926751325,1.56440875611554,1.58230047373236,1.57458149387974,1.58291306206684,1.58492319830429,1.59988478257082,1.56405036059713
"10|12",1.58609744960712,1.58402098424093,1.57000612423709,1.58683157787941,1.5758325480864,1.58376975521734,1.5620753379785,1.5692693877108,1.57191833906488,1.57587592981618,1.56982252404786,1.59468384445271,1.58184436284619,1.58162622133331,1.58211534629025,1.56621982995396,1.58249229172919,1.57363604143517,1.58873541437847,1.56532828432683
"10|14",1.56155819537531,1.56919095514321,1.5762676886468,1.58387758403724,1.58651368935795,1.5802393793526,1.57549259276212,1.57619227348215,1.58054588431754,1.56338641388344,1.56316344163447,1.58159246849249,1.55868277210682,1.57635885925985,1.58396153859171,1.56704243216181,1.57116646890323,1.57166644868243,1.57822743139988,1.5791234752033
"10|16",1.59069851151225,1.56777246071062,1.58671860752071,1.5663998906326,1.58270805447523,1.57216892377812,1.56908321089914,1.57294378521733,1.58240292196556,1.57242758515932,1.57174671109226,1.58411355439174,1.59186121184196,1.57311554748329,1.56967795932664,1.56949141325389,1.56746588615695,1.57596495202903,1.58543524446915,1.5814197737398
"11|8",1.57252987051114,1.58276118611166,1.58007380201038,1.5848203578751,1.58050215467796,1.57408335831049,1.58487226643954,1.58476755369016,1.57930881850731,1.56882682997402,1.57323173294413,1.57000015327071,1.5755125337838,1.57859236714332,1.56839132024765,1.58853079461343,1.56866304626666,1.57532874190941,1.57001720908813,1.56458560404472
"11|10",1.55882675134235,1.57219986528011,1.57516877572862,1.58174866980675,1.58736664352142,1.57980997600103,1.58643831680602,1.57011959329338,1.56914842437101,1.56787309645499,1.59425610444519,1.58128029541077,1.57753429796532,1.57633015495853,1.5748181028199,1.58081191479373,1.58307978381063,1.57847712657621,1.58114798334584,1.56700768578164
"11|12",1.58456969022265,1.56442180936868,1.57961855337423,1.57720846032409,1.57512541797973,1.57914606158211,1.581441379338,1.58402751636635,1.58151320562169,1.57541114951439,1.57826749884284,1.57801189310751,1.59034183957323,1.58608615620396,1.59192984302437,1.56905491077968,1.58031804811167,1.56678817223324,1.58860654387117,1.5877133227302
"11|14",1.58306334985403,1.57226379419505,1.58499412216977,1.58108854192961,1.57079061687773,1.57337858422632,1.56722929890011,1.58686270347348,1.58313996759555,1.57270107833493,1.59834221335597,1.56772188416279,1.57773292020051,1.57469498400554,1.57157461281216,1.57485848381333,1.57152822489609,1.57255584082687,1.58579570276617,1.56876525055726
"11|16",1.56583182096942,1.58760564078641,1.57435858487903,1.59234036189389,1.5755415576484,1.57972965531896,1.57381230020403,1.57717202288849,1.58271565801486,1.57396081691203,1.58692422370091,1.58713962218386,1.59108199109797,1.57761275168744,1.5755235088796,1.58155334148733,1.58049462498642,1.59033877076061,1.56819222941039,1.56419112392933
"12|8",1.57438825448567,1.58201385824823,1.56452517828853,1.57056818871314,1.58533661573855,1.58816937879746,1.58257728291206,1.57319707574628,1.58913979216202,1.57840566085476,1.58030460862825,1.5710485064157,1.57130658963814,1.58672947227782,1.57514671601611,1.57703775206642,1.58420538030709,1.57406915062134,1.60179242889073,1.56503615685905
"12|10",1.56462643427326,1.57082874168861,1.55963181315506,1.58178719695636,1.55579123578303,1.58089123744944,1.57101434658756,1.57631214232986,1.58181616629178,1.56398866117824,1.57082677627252,1.5670167764941,1.57288068858198,1.590590689944,1.57172953295612,1.57104096710775,1.5858429337671,1.57787277443239,1.56701549800523,1.57825708300678
"12|12",1.588168020428,1.56190188980009,1.57609069459046,1.5886642101336,1.57856921677447,1.57073943446694,1.57183195483526,1.57877141656577,1.57994136071671,1.57812975844624,1.56475993018142,1.5738358780077,1.62075025903671,1.59288337450471,1.59636534217449,1.57427904846452,1.58307989342301,1.5681982696757,1.56987469017631,1.56298234916379
"12|14",1.56329302376387,1.58853188743673,1.55996238587625,1.57319220207397,1.57225437481643,1.57244972455132,1.57775345479524,1.57954608347774,1.57131200257629,1.58187415903142,1.57496336570887,1.55440990888212,1.56737103709758,1.57795846507675,1.56780466623442,1.58213206262705,1.57214942929647,1.5834806129114,1.55900095565287,1.57738150153773
"12|16",1.57520730816565,1.58083081824298,1.56537249179775,1.57979658703058,1.57359319901743,1.59633576005139,1.55610458893588,1.58572861624135,1.59821862925872,1.57729095890505,1.57671811507118,1.57088195252602,1.57683694109857,1.5755618583826,1.57548327208725,1.57540432865618,1.56837937644063,1.57560878531739,1.58042501048978,1.56398745214149
"13|8",1.55852655129437,1.57354601182887,1.57200981578349,1.56627373298272,1.56374024887397,1.55762912883206,1.57166332405711,1.57998877273137,1.58536791020903,1.57662114330091,1.56918958457832,1.57968841131482,1.57570491902076,1.57853746532248,1.57405669992622,1.58818371598061,1.57828304126667,1.5782609621458,1.58315195521964,1.58364073697254
"13|10",1.5884591587737,1.57994175952678,1.59948966634388,1.5728404558034,1.57452468102788,1.58401405167099,1.57825630522893,1.5797785781735,1.59116331369749,1.57995639682867,1.59063578956177,1.59370334016832,1.56626801340706,1.59489200706275,1.56900533463031,1.5818948549202,1.59130601327818,1.5587703168888,1.55937960925005,1.58649572008636
"13|12",1.57336750358121,1.57668249680011,1.57777932473406,1.60718120509351,1.57026648074181,1.56396178813224,1.57520287423215,1.57906921059614,1.57246724991953,1.57926992923154,1.5969572774619,1.58352044432994,1.58826295386023,1.56910108213798,1.56980725795445,1.5786650127532,1.58517284990465,1.56903772374006,1.5789013554854,1.57927070784082
"13|14",1.57708316153133,1.58189920025782,1.5696799417535,1.57689196533888,1.57565548957784,1.5681277805881,1.58641280620418,1.59161094214935,1.57251137145849,1.59229464657592,1.58024261719636,1.57278237289482,1.57519871102597,1.5956761403994,1.57262408986703,1.58334520027109,1.57112314810273,1.57606884807281,1.57435716017271,1.58232462895311
"13|16",1.59488351780309,1.57773787316592,1.56780884784634,1.56640662073054,1.58118758548502,1.57275971250345,1.57866611421917,1.57238496435546,1.58164717978621,1.58712998585486,1.56811439258448,1.57291329186476,1.56747076020005,1.57140819186076,1.58551296318295,1.58269933013361,1.56686908777246,1.56982664341295,1.58960460601547,1.57411614988467
